NAME:problem.txt
TYPE:TSP
DIMENSION:25
EDGE_WEIGHT_TYPE:GEO
DISPLAY_DATA_TYPE:COORD_DISPLAY
NODE_COORD_SECTION
1 106.556 29.5364 
2 106.603 29.589 
3 106.582 29.5369 
4 106.59 29.5949 
5 106.608 29.5301 
6 106.503 29.5319 
7 106.549 29.5367 
8 106.494 29.5415 
9 106.597 29.5831 
10 106.594 29.5751 
11 106.543 29.5301 
12 106.552 29.5312 
13 106.495 29.5318 
14 106.548 29.5298 
15 106.559 29.5294 
16 106.597 29.5899 
17 106.502 29.5415 
18 106.545 29.5352 
19 106.568 29.5294 
20 106.546 29.5327 
21 106.562 29.579 
22 106.504 29.5386 
23 106.594 29.5942 
24 106.577 29.5554 
25 106.62 29.5312 
EOF